# Camera list with one line of data per camera:
#   CAMERA_ID, MODEL, WIDTH, HEIGHT, PARAMS[]
# Number of cameras: 42
1 SIMPLE_PINHOLE 960 540 835.75586066532151 480 270
2 SIMPLE_PINHOLE 960 540 829.6530978583238 480 270
3 SIMPLE_PINHOLE 960 540 830.02138085372201 480 270
4 SIMPLE_PINHOLE 960 540 822.15940027402257 480 270
5 SIMPLE_PINHOLE 960 540 828.51410603707336 480 270
6 SIMPLE_PINHOLE 960 540 829.49814199767172 480 270
7 SIMPLE_PINHOLE 960 540 830.18522518400778 480 270
8 SIMPLE_PINHOLE 960 540 824.01598250173549 480 270
9 SIMPLE_PINHOLE 960 540 820.35250499456447 480 270
10 SIMPLE_PINHOLE 960 540 815.94712188112896 480 270
11 SIMPLE_PINHOLE 960 540 813.8622270897464 480 270
12 SIMPLE_PINHOLE 960 540 811.79537195489968 480 270
13 SIMPLE_PINHOLE 960 540 823.89361422166189 480 270
14 SIMPLE_PINHOLE 960 540 863.18669546903925 480 270
15 SIMPLE_PINHOLE 960 540 860.52125106902417 480 270
16 SIMPLE_PINHOLE 960 540 868.61907097012977 480 270
17 SIMPLE_PINHOLE 960 540 859.50170292204382 480 270
18 SIMPLE_PINHOLE 960 540 852.72026131999689 480 270
19 SIMPLE_PINHOLE 960 540 834.02755140595332 480 270
20 SIMPLE_PINHOLE 960 540 816.12516159953907 480 270
21 SIMPLE_PINHOLE 960 540 829.76216637221899 480 270
22 SIMPLE_PINHOLE 960 540 839.12615016886969 480 270
23 SIMPLE_PINHOLE 960 540 827.39622463314549 480 270
24 SIMPLE_PINHOLE 960 540 844.68784811895171 480 270
25 SIMPLE_PINHOLE 960 540 829.99057274406493 480 270
26 SIMPLE_PINHOLE 960 540 825.04566326099359 480 270
27 SIMPLE_PINHOLE 960 540 807.70258877418632 480 270
28 SIMPLE_PINHOLE 960 540 823.61929549511626 480 270
29 SIMPLE_PINHOLE 960 540 824.87467924825421 480 270
30 SIMPLE_PINHOLE 960 540 821.97321032213915 480 270
31 SIMPLE_PINHOLE 960 540 849.50979803196094 480 270
32 SIMPLE_PINHOLE 960 540 826.82783201378095 480 270
33 SIMPLE_PINHOLE 960 540 828.95982568613579 480 270
34 SIMPLE_PINHOLE 960 540 824.37857982071648 480 270
35 SIMPLE_PINHOLE 960 540 829.30167831601261 480 270
36 SIMPLE_PINHOLE 960 540 827.46465411533939 480 270
37 SIMPLE_PINHOLE 960 540 834.18739419110261 480 270
38 SIMPLE_PINHOLE 960 540 823.65247366803635 480 270
39 SIMPLE_PINHOLE 960 540 830.41191181473164 480 270
40 SIMPLE_PINHOLE 960 540 795.64759880128565 480 270
41 SIMPLE_PINHOLE 960 540 944.67977277171849 480 270
42 SIMPLE_PINHOLE 960 540 1025.7578568961148 480 270
